0000000000000000000000000000000000000000
0000000000000000000000000000000000000000
0000000000000000000000000000000000000000
0000000000000000000000000000000000000000
0000000000000000000000000000000000000000
0000000000000000000000000000000000000000
0000000000000010000000000000000000000000
0000000000000010001111100000000000000000
0000000000000000001000000010000000000000
0000000000000000011000000010000000000000
0000000000000001011000000011011110000000
0000000011110111111000000111111111000000
0000000111111111111111100111110001100000
0000000111000011111111111100000101110000
0000001100000011111111111000000001111000
0000001110000011111111110100000011111000
0000011110000111111111100000000001111000
0000011111000111111111100000000001111000
0000011111001111111111000000000001111100
0000011111111111111111000000000011111100
0000011111111111111111010000000111110000
0000011111111111111111111110001111110100
0000011111111111111111111110111111111100
0000011111111111111111111111111111111100
0000001111111111111111111111111111110100
0000001111111111111111111111111111111100
0000001111111111111111111111111111111100
0000000111111111111100011111111111111000
0000000111111111100110011100001111111000
0000000001111111101111111000001111110000
0000000000101110001111110000011111111100
0000000000000000001111111100000111111100
0000000000000000011111101110000001111100
0000000000000000111111000111111111111100
0000000000000000111110000001111111111000
0000000000001111111000000000011111100000
0000000000011111100000000000000000000000
0000000000000000000000000000000000000000
0000000000000000000000000000000000000000
0000000000000000000000000000000000000000
