1111111111111111111111111111111111111111
1111111111111111111111111111111111111111
1111111111111111111111111111111111111111
1111111111111111111111111111111111111111
1111111111111111111111111111111111111111
1111111111111111111111111111111111111111
1111111111111111111111111111111111111111
1111111111111111111111111111111111111111
1111111111111111111111111111111111111111
1111111111111111111111111111111111111111
1111111111111111111111111111111111111111
1111111111111111110000111111111111111111
1111111111111111000000000111111111111111
1111111111111100000000000011111111111111
1111111111111100000000000001111111111111
1111111111111000000111000001111111111111
1111111111111000001111000001111111111111
1111111111111100000110000001111111111111
1111111111111100000000000011111111111111
1111111111111110000000000111111111111111
1111111111111100000000000011111111111111
1111111111111000000110000001111111111111
1111111111111000001111000001111111111111
1111111111111000001111000001111111111111
1111111111111000001111000001111111111111
1111111111111000000010000001111111111111
1111111111111100000000000011111111111111
1111111111111110000000000011111111111111
1111111111111111000000001111111111111111
1111111111111111111111111111111111111111
1111111111111111111111111111111111111111
1111111111111111111111111111111111111111
1111111111111111111111111111111111111111
1111111111111111111111111111111111111111
1111111111111111111111111111111111111111
1111111111111111111111111111111111111111
1111111111111111111111111111111111111111
1111111111111111111111111111111111111111
1111111111111111111111111111111111111111
1111111111111111111111111111111111111111
