1111111111111111111000000111111111111111
1111111111111111110000000011111111111111
1111111111111111110011110011111111111111
1111111111111111100111110011111111111111
1111111111111111000111110011111111111111
1111111111111110001111110011111111111111
1111111101100000111111110011111111111111
1111111100000001111111110011111111111111
1111111100111111111111110011111111111111
1111111100111111111111110011111111111111
1111111100111111111111110011111111111111
1111111100111111111111110011111111111111
1111111100000000011111110011111111111111
1111111100000000001111110011111111111111
1111111111111111001111110011111111111111
1111111111111111001111110011111111111111
1111111111111111001111110011111111111111
1111111111111111001111110011111111111111
1111111111111111001111110011111111111111
1111111111111111001111110011111111111111
1111111111111111001111110011111111111111
1111111111111111001111110011111111111111
1111111111111111001111110011111111111111
1111111111111111001111110011111111111111
1111111111111111001111110011111111111111
1111111111111111001111110011111111111111
1111111111111111001111110011111111111111
1111111111111111001111110011111111111111
1111111111111111001111110011111111111111
1111111111111111001111110011111111111111
1111111111111111001111110011111111111111
1111111111111111001111110011111111111111
1111111111111111001111110011111111111111
1111111111111111001111110011111111111111
1111111111111111001111110011111111111111
1111111111111111001111110011111111111111
1111111111111111001111110011111111111111
1111111111111111011111110011111111111111
1111111111111111000000000011111111111111
1111111111111111000000000011111111111111
