0000000000011111000000000000000000000000
0000111111111111110000000000000000000000
0000001111111111110000000100000000000000
0000000000111111110000001110001000000000
0000000000011111100000011000000000000000
0000000000000011001110110000000000000000
0000000000001111111111111111100000000000
0000000000111111111111111111110000000000
0000000001111111111111111111111100000000
0000000011111111100001000111111110000000
0000000111111111100000111111111110000000
0000000111111111111111111111111111000000
0000001111111111111111111111111111000000
0000001111111111111111111111111111000000
0000001111111111111111111111111111100000
0000001111111111111111111111111111100000
0000001111111111111111111111111111100000
0000001111111111111111111111111111100000
0000001111111111111111111111111111100000
0000001111111111111111111111111111100000
0000001111111111111111111111111111000000
0000001111111111111111111111111111000000
0000001111111111111111111111111111000000
0000001111111111111111111111111111000000
0000000111111111111111111111111111000000
0000000111111111111111111111111111000000
0000000111111111111111111111111110000000
0000000011111111111111111111111110000000
0000000011111111111111111111111100000000
0000000011111111111111111111111100000000
0000000011111111111111111111111100000000
0000000001111111111111111111111000000000
0000000001111111111111111111111000000000
0000000000111111111111111111110000000000
0000000000111111111111111111110000000000
0000000000011111111111111111100000000000
0000000000011111111111111111000000000000
0000000000001111111111111111000000000000
0000000001111111111111111111110000000000
0000000000111111111111111111000000000000