0000000000000000000000000000000000000000
0000000000000000000000000000000000000000
0000000000000000000000000000000000000000
0000000000000000000000011000000000000000
0000000000000000000000011000000000000000
0000000000000001101111110000000000000000
0000000000011111101111110110000000000000
0000000001111110011111111000000000000000
0000000011111000001111111100000000000000
0000000111110000011111111110000000000000
0000001111110000011111111110000000000000
0000001111110000011111111100000100000000
0000011111111000001111100000000011000000
0000011111111100000000000000000001000000
0000011111111111000000000000000001100000
0000111111111111110000000000000001110000
0000111111111111111000000000000001110000
0000111111111111111100000000000001110000
0000111111111111111100000000111101110000
0000111111111111111111111111111111111000
0000111111111111111111111111111111111000
0000111111111111111111111111111111111000
0000111111111111111111111111111111111000
0000111111111111111111111111111111110000
0000011111111111111111111111111111110000
0000011111111111111111111111111111110000
0000011111111111111111111111111111110000
0000001111111111111111111111111111100000
0000001111111111111111111111111111100000
0000000111111111111111111111111111000000
0000000011111111111111111111111111000000
0000000011111111111111111111111010000000
0000000001111111111111111111111100000000
0000000000111111111111111111110000000000
0000000000011111111111111111000000000000
0000000000000111111111111100000000000000
0000000000000000111111110000000000000000
0000000000000000000000000000000000000000
0000000000000000000000000000000000000000
0000000000000000000000000000000000000000
