1111111111111111111111111111111111111111111111111111111111111111111111111111111111111111111111111111111111111111111111111111111111111111111111111111111111111111111111111111111111111111111111111111111111111111111111111111111111111111111111111111111111111111111111111111111111111
1111111111111111111111111111111111111111111111111111111111111111111111111111111111111111111111111111111111111111111111111111111111111111111111111111111111111111111111111111111111111111111111111111111111111111111111111111111111111111111111111111111111111111111111111111111111111
1111111111111111111111111111111111111111111111111111111111111111111111111111111111111111111111111111111111111111111111111111111111111111111111111111111111111111111111111111111111111111111111111111111111111111111111111111111111111111111111111111111111111111111111111111111111111
1111111111111111111111111111111111111111111111111111111111111111111111111111111111111111111111111111111111111111111111111111111111111111111111111111111111111111111111111111111111111111111111111111111111111111111111111111111111111111111111111111111111111111111111111111111111111
1111111111111111111111111111111111111111111111111111111111111111111111111111111111111111111111111111111111111111111111111111111111111111111111111111111111111111111111111111111111111111111111111111111111111111111111111111111111111111111111111111111111111111111111111111111111111
1111111111111111111111111111111111111111111111111111111111111111111111111111111111111111111111111111111111111111111111111111111111111111111111111111111111111100001111111111111111111111111111111111111111111111111111111111111111111111111111111111111111111111111111111111111111111
1111111111111111111111111111111111111111111111111111111111111111111111111111111111111111111111111111111111111111111111111111111111111111111111111111111111111111111111111111111111111111111111111111111111111111111111111111111111111111111111111111111111111111111111111111111111111
1111111111111111111111111111111111111111111111111111111111111111111111111111111111111111111111111111111111111111111111111111111111111111111111111111111111111111111111111111111111111111111111111111111111111111111111111111111111111111111111111111111111111111111111111111111111111
1111111111111111111111111111111111111111111111111111111111111111111111111111111111111111111111111111111111111111111111111111111111111111111111111111111111110000001111111111111111111111111111111111111111111111111111111111111111111111111111111111111111111111111111111111111111111
1111111111111111111111111111111111111111111111111111111111111111111111111111111111111111111111111111111111111111111111111111111111111111111111111111111111111010000111111111111111111111111111111111111111111111111111111111111111111111111111111111111111111111111111111111111111111
1111111111111111111111111111111111111111111111111111111111111111111111111111111111111111111111111111111111111111111111111111111111111111111111111111111111111010000111111111111111111111111111111111111111111111111111111111111111111111111111111111111111111111111111111111111111111
1111111111111111111111111111111111111111111111111111111111111111111111111111111111111111111111111111111111111111111111111111111111111111111111111111111111111110001111111111111111111111111111111111111111111111111111111111111111111111111111111111111111111111111111111111111111111
1111111111111111111111111111111111111111111111111111111111111111111111111111111111111111111111111111111111111111111111111111111111111111111111111111111111111110001111111111111111111111111111111111111111111111111111111111111111111111111111111111111111111111111111111111111111111
1111111111111111111111111111111111111111111111111111111111111111111111111111111111111111111111111111111111111111111111111111111111111111111111111111111111111000011111111111111111111111111111111111111111111111111111111111111111111111111111111111111111111111111111111111111111111
1111111111111111111111111111111111111111111111111111111111111111111111111111111111111111111111111111111111111111111111111111111111111111111111111111111111110000111111111111111111111111111111111111111111111111111111111111111111111111111111111111111111111111111111111111111111111
1111111111111111111111111111111111111111111111111111111111111111111111111111111111111111111111111111111111111111111111111111111111111111111111111111111111110000111111111111111111111111111111111111111111111111111111111111111111111111111111111111111111111111111111111111111111111
1111111111111111111111111111111111111111111111111111111111111111111111111111111111111111111111111111111111111111111111111111111111111111111111111111111111110001111111111111111111111111111111111111111111111111111111111111111111111111111111111111111111111111111111111111111111111
1111111111111111111111111111111111111111111111111111111111111111111111111111111111111111111111111111111111111111111111111111111111111111111111111111111111110001111111111111111111111111111111111111111111111111111111111111111111111111111111111111111111111111111111111111111111111
1111111111111111111111111111111111111111111111111111111111111111111111111111111111111111111111111111111111111111111111111111111111111111111111111111111111100001111111111111111111111111111111111111111111111111111111111111111111111111111111111111111111111111111111111111111111111
1111111111111111111111111111111111111111111111111111111111111111111111111111111111111111111111111111111111111111111111111111111111111111111111111111111111100001111111111111111111111111111111111111111111111111111111111111111111111111111111111111111111111111111111111111111111111
1111111111111111111111111111111111111111111111111111111111111111111111111111111111111111111111111111111111111111111111111111111111111111111111111111111111100011111111111111111111111111111111111111111111111111111111111111111111111111111111111111111111111111111111111111111111111
1111111111111111111111111111111111111111111111111111111111111111111111111111111111111111111111111111111111111111111111111111111111111111111111111111111111100011111111111111111111111111111111111111111111111111111111111111111111111111111111111111111111111111111111111111111111111
1111111111111111111111111111111111111111111111111111111111111111111111111111111111111111111111111111111111111111111111111111111111111111111111111111111111100011111111111111111111111111111111111111111111111111111111111111111111111111111111111111111111111111111111111111111111111
1111111111111111111111111111111111111111111111111111111111111111111111111111111111111111111111111111111111111111111111111111111111111111111111111111111111100011111111111111111111111111111111111111111111111111111111111111111111111111111111111111111111111111111111111111111111111
1111111111111111111111111111111111111111111111111111111111111111111111111111111111111111111111111111111111111111111111111111111111111111111111111111111111100011111111111111111111111111111111111111111111111111111111111111111111111111111111111111111111111111111111111111111111111
1111111111111111111111111111111111111111111111111111111111111111111111111111111111111111111111111111111111111111111111111111111111111111111111111111111111100011111111111111111111111111111111111111111111111111111111111111111111111111111111111111111111111111111111111111111111111
1111111111111111111111111111111111111111111111111111111111111111111111111111111111111111111111111010111111111111111111111111111111111111111111111111111111100111111111111111111111111111111111111111111111111111111111111111111111111111111111111111111111111111111111111111111111111
1111111111111111111111111111111111111111111111111111111111111111111111111111111111111111111111110111111111111111111111111111111111111111111111111111111111000111111111111111111111111111111111111111111111111111111111111111111111111111111111111111111111111111111111111111111111111
1111111111111111111111111111111111111111111111111111111111111111111111111111111111111111111111110101011111111111111111111111111111111111111111111111111111000111111111111111111111111111111111111111111111111111111111111111111111111111111111111111111111111111111111111111111111111
1111111111111111111111111111111111111111111111111111111111111111111111111111111111111111111111110110001111111111111111111111111111111111111111111111111111000111111111111111111111111111111111111111111111111111111111111111111111111111111111111111111111111111111111111111111111111
1111111111111111111111111111111111111111111111111111111111111111111111111111111111111111111111110100000011111111111111111111111111111111111111111111111111000111111111001111111111111111111111111111111111111111111111111111111111111111111111111111111111111111111111111111111111111
1111111111111111111111111111111111111111111111111111111111111111111111111111111111111111111111110000000111111111111111111111111111111111000000111111111111000100000011110011111101111111111111111111111111111111111111111111111111111111111111111111111111111111111111111111111111111
1111111111111111111111111111111111111111111111111111111111111111111111111111111111111111111111111000000111111111111111111111111100000000000000000000000000000010111111111111111110001111111111111111111111111111111111111111111111111111111111111111111111111111111111111111111111111
1111111111111111111111111111111111111111111111111111111111111111111111111111111111111111111111111000001111111111111111111111110000000000000000000000000010101011111111111111111111000011111111111111111111111111111111111111111111111111111111111111111111111111111111111111111111111
1111111111111111111111111111111111111111111111111111111111111111111111111111111111111111111111111100001111111111111111111111100000000000000110111111111110111111111111111111111111110001111111111111111111111111111111111111111111111111111111111111111111111111111111111111111111111
1111111111111111111111111111111111111111111111111111111111111111111111111111111111111111111111111100011111111111111111111111000100000000000111111111111111111111111111111111111111111100111111111111111111111111111111111111111111111111111111111111111111111111111111111111111111111
1111111111111111111111111111111111111111111111111111111111111111111111111111111111111111111111111100111111111111111111111110010000000000011111111111111111111111111111111111111111111110011111111111111111111111111111111111111111111111111111111111111111111111111111111111111111111
1111111111111111111111111111111111111111111111111111111111111111111111111111111111111111111111110000111111111111111111111100001000000011111111111111111111111111111111111111111111111110001111111111111111111111111111111111111111111111111111111111111111111111111111111111111111111
1111111111111111111111111111111111111111111111111111111111111111111111111111111111111111111111110001111111111111111111111000000000011111111111111111111111111111111111111111111111110111100111111111111111111111111111111111111111111111111111111111111111111111111111111111111111111
1111111111111111111111111111111111111111111111111111111111111111111111111111111111111111111111110001111111111111111111110000000000011111111111111111111111111111111111111111111111110110100011111111111111111111111111111111111111111111111111111111111111111111111111111111111111111
1111111111111111111111111111111111111111111111111111111111111111111111111111111111111111111111100011111111111111111111110000010010111111111111111111111111111111111111111111111111111011000001111111111111111111111111111111111111111111111111111111111111111111111111111111111111111
1111111111111111111111111111111111111111111111111111111111111111111111111111111111111111111111100011111111111111111111100000010010111111111111111111111111111111111111111111111111111001100001111111111111111111111111111111111111111111111111111111111111111111111111111111111111111
1111111111111111111111111111111111111111111111111111111111111111111111111111111111111111111111000111111111111111111111100000111010111111111111111111111111111111111111111111111111111100111101111111111111111111111111111111111111111111111111111111111111111111111111111111111111111
1111111111111111111111111111111111111111111111111111111111111111111111111111111111111111111111000111111111111111111111000000110111111111111111111111111111111111111111111111111111111100011100111111111111111111111111111111111111111111111111111111111111111111111111111111111111111
1111111111111111111111111111111111111111111111111111111111111111111111111111111111111111111111000111111111111111111111000000110111111111111111111111111111111111111111111111111111111100110110111111111111111111111111111111111111111111111111111111111111111111111111111111111111111
1111111111111111111111111111111111111111111111111111111111111111111111111111111111111111111111001111111111111111111110000000100111111111111111111111111111111111111111111111111111111100111110011111111111111111111111111111111111111111111111111111111111111111111111111111111111111
1111111111111111111111111111111111111111111111111111111111111111111111111111111111111111111111001111111111111111111110000000100111111111111111111111111111111111111111111111111111111101111110011111111111111111000000000000000011111111111111111111111111111111111111111111111111111
1111111111111111111111111111111111111111111111111111111111111111111111111111111111111111111110001111111111100000001100000001110111111111111111111111111111111111111111111111111111101111100010001111111111110000000000010000000000001111111111111111111111111111111111111111111111111
1111111111111111111111111111111111111111111111111111111111111111111111111111111111111111111110001111111010000000010000000000001111111111111111111111111111111111111111111111111111111111100000001111111000000000000111111111111111000001111111111111111111111111111111111111111111111
1111111111111111111111111111111111111111111111111111111111111110000000011111111111111111111110011111111100000001011111000000001111111111111111111111111111111111111111111111111111111111100000001111001000001111111111111111111111011100001111111111111111111111111111111111111111111
1111111111111111111111111111111111111111111111111111111111100000000000000011111111111111111110011111110000000011111000000000001111111111111111111111111111111111111111111111111111111111100000001001100111011111111111111111111111101100000011111111111111111111111111111111111111111
1111111111111111111111111111111111111111111111111111111100000000000000001100011111111111111110011111100000000000000000010000011011111111111111111111111111111111111111111111111111111111100000000001111111111110011111111111111111111111001000111111111111111111111111111111111111111
1111111111111111111111111111111111111111111111111111110000001100000000000000000000000001001111100000000000000000000000000000001111111111111111111111111111111111111111111111111111111111100010000111111111111111111111111111111111111110010100001111111111111111111111111111111111111
1111111111111111111111111111111111111111111111111111100100000000000000000000000100011111111111100000000000000100000000000000001111111111111111111111111111111111111111111111111111111111010010001111111111000111111111111111111111111111000100001111111111111111111111111111111111111
1111111111111111111111111111111111111111111111111110010000000011111111111100000111111111111111110000000000000100000000000000000111111111111111111111111111111111111111111111111111111111011011011111100000111111001111111111111111111111110011000001111111111111111111111111111111111
1111111111111111111111111111111111111111111111111100000000000011111110001111111101111111011111111110000001100111100100000000000011111111111111111111111111111111111111111111111111111111111111110000010111111111111111111111111111111110111000100000111111111111111111111111111111111
1111111111111111111111111111111111111111111111110000000000001111111111111111111011111111111111110110000100111111110010000000000001111110111111111111111111111111111111111111111111111111111111111001111111111111111111111111111111111111111111000000011111111111111111111111111111111
1111111111111111111111111111111111111111111111110000000000110111111111111111111111111111111111110110000000111111110011000000000001111111111111111111111111111111111111111111111101111111111111111111111111111111111111111111111111111111111111110100001111111111111111111111111111111
1111111111111111111111111111111111111111111111000000010000110011111111111111111111111111111111111110110000111111111001100000000000011111111111111111111111111111111111011111110111111111111111111111111111111111111111111111111111111111011111111100000111111111111111111111111111111
1111111111111111111111111111111111111111111110000000011011111011111111111111111111111111111111111111111111111111111111111000000000001111111001111111111111111111111111011111101111111111111111111111111111111111111111111111111111111111111111100010000011111111111111111111111111111
1111111111111111111111111111111111111111111110100000001111111111111111111111111111111111111111111111101111111111111111111000000000001111110000111111110110011111111111011111111111111111111111111111111111111110111111111111111111111111111111111000000001111111111111111111111111111
1111111111111111111111111111111111111111111100000000011111111011111111111111111111111111111111111111000111111111111111111100000000000111110000111111110110011100111111011111111111111111111111111111111111111111111111111111111111111111111111111000010000111111111111111111111111111
1111111111111111111111111111111111111111111001001000111111111111111111111111111111111111111111111011000010011111111111111000000000000001100000011111110010011100011111011111111111111111111111111111111111111111111111111111111111111111111111100100101000111111111111111111111111111
1111111111111111111111111111111111111111110001000001111111111111111111111111111111111111111111111001000000011111111111111000000000000001100000011111010100000000011111011111111111111111111111111111111111111111111111111111111111111111110011100000000001011111111111111111111111111
1111111111111111111111111111111111111111110000100011001111111111111111111111111111111111111111111100000000001111111111111110100000000000000000001110100000000000011010001111111111111111111111111111111111111111111111111111111111111111110011101000000000001111111111111111111111111
1111111111111111111111111111111111111111100100000011111111111111111111111111111111111111111111111100100000001111111111111110000000000000000000001110100000000000000010011111111111111111111111111111111111111111111111111111111111111111110000110000000000000111111111111111111111111
1111111111111111111111111111111111111111101010000011111111111111111111111111111111111111111111111110100000000111111111111110000000000000000000000000000000000000000000111111111111111111111111111111111111111111111111111111111111111111110000110000100000000011111111111111111111111
1111111111111111111111111111111111111111010011000001111111111111111111111111111111111111111111111110110000000111111111111111000000000000000000000000000000000000000001111111111111111111111111111111111111111111111111111111111111111111111100000000100000000011111111111111111111111
1111111111111111111111111111111111111110000101000000111111111111111111111111111111111111111111111111110000000111111111111111000001110000000000000000000000000000000011111111111111111111111111111111111111111111111111111111111101111111111100000000000000000001111111111111111111111
1111111111111111111111111111111111111110000100000000111101111111111111111111111111111111111111111111110000000111111111110111100001110000000000000000000000000000000111111111111111111111111111111111111111111111111111111111111111000011111110000000000000100000111111111111111111111
1111111111111111111111111111111111111100000000100001111101111111111111111111111111111111111111111111111000000111111111110111100001110000000000000000000000000000000111111111111111111111111111111111111111111111111111111111111111111000001111000000000001000000111111111111111111111
1111111111111111111111111111111111111100000000000011111101111111111111111111111111111111111111111111111001100111111111111101100110100000000000000000000000000000001111111111111111111111111111111111111111111111111111111111111111100111100011000000000000000000011111111111111111111
1111111111111111111111111111111111111100000000000111111011111111111111111111111111111111111111111111111011101011111011110011111011000000000000000000000000000000111111111111111111111111111111111111111111111111111111111111111111111111110011000000000000000000011111111111111111111
1111111111111111111111111111111111111000000000000111111001111111111111111111111111111111111111111111111001101001111111110011110000000000000000000000000000000001111111111111111111111111111111111111111111111111111111111111111111111111111110000000000000000000001111111111111111111
1111111111111111111111111111111111111000000000001110111011111111111111111111111111111111111111111111111000001001111111111011110000000000000000000000000000000011111111111111111111111111111111111111111111111111111111111111111111111111111100000000000000000000001111111111111111111
1111111111111111111111111111111111110000000000001110111011111111111111111111111111111111111111111111111110101001111111111001110100000000000000000000000000000111111111111111111111111111111111111111111111111111111111111111111111111111111110000000000000000000000111111111111111111
1111111111111111111111111111111111110000000000000111111011111111111111111111111111111111111111111111111110101011111111111001110111000000000000000000000000001111111111111111111111111111111111111111111111111111111111111111111111111111111111000000000000000000000111111111111111111
1111111111111111111111111111111111110000000000000011111011111111111111111111111111111111111111111111111110111011111111111000110111000000000000000000000000001111111111111111111111111111111111111111111111111111111111111111111111111111111111000000000000000000000111111111111111111
1111111111111111111111111111111111110000000000000000111111111111111111111111111111111111111111111111100110111010011111111100110111000000000000000000000000011111111111111111111111111111111111111111111111111111111111111111111111111111111100000000000000000000000111111111111111111
1111111111111111111111111111111111100000000000001100011111111111111111111111111111111111111111111111100110001010010101001100110111000000000000000000000000111111111111111111111111111111111111111111111111111111111111111111111111111111111100000000000000000000000011111111111111111
1111111111111111111111111111111111100000000000010000011001111111111111111111111111111111111111111111000011011010010000001100111001100000000000000000000001111111111111111111111111111111111111111111111111111111111111111111111111111111111000000000000000000000000011111111111111111
1111111111111111111111111111111111100000000000000000111101111111111111111111111111111111111111111111000111001000010000001000010000100000000000000000000001111111111111111111111111111111111111111111111111111111111111111111111111111111111100000000000010000000000011111111111111111
1111111111111111111111111111111111000000000000000000111101111111111111111111111111111111111111111111000011000000000000001000000000000000000000000000000011111111111111111111111111111111111111111111111111111111111111111111111111111111111110000000000100000000000011111111111111111
1111111111111111111111111111111111000000000000000000110111111111111111111111111111111111111111111111100010000000000000000000000000000000000000000000000011111111111111111111111111111111111111111111111111111111111111111111111111111111111100000000000100000000000001111111111111111
1111111111111111111111111111111111000000000000000000110111111111111111111111111111111111111111111111100010000000000000000000000000000000000000000000000111111111111111111111111111111111111111111111111111111111111111111111111111111111111000000000000000000000000001111111111111111
1111111111111111111111111111111111000000000000000000100111111001111111111111111111111111100110011101100010000000000000000000000000000000000000000000000111111110111111111111111111111111111111111111111111111111111111111111111111111111111000000000000000000000000001111111111111111
1111111111111111111111111111111111000000000000000000001011111000111111111111111111111111000110011000110110000000000000000000000000000000000000000000001111111111111111111111111111111111111111111111111111111111111111111111111111111111110000000000000000000001000001111111111111111
1111111111111111111111111111111110000100000000000010001011111000011111111111111111111111000000001000100010000000000000000000000000000000000000000000001111111001111111111111111111111111111111111111111111111111111111111111111111111111000110000000000000000110000001111111111111111
1111111111111111111111111111111110010000000000000110000101111100100111111111100111111110000101000000000110000000000000000000000000000000000000000000001111111111111111111111111111111111111111111111111111111111111111111111111111111111001100010000000000001100000000111111111111111
1111111111111111111111111111111110000000000000001110000001111100111111111111100110111110000001000000000100000000000000000000000000000000000000000000011111111111111111111111111111111111111111111111111111111111111111111111111111000000000000000000000000011000000011111111111111111
1111111111111111111111111111111110000000000000100000000001111101111111111111100100110000000000000000000000000000000000000000000000000000000000000000011111111111111111111111111111111111111111111111111111111111111111111111111111000000000000000000000000010001001111111111111111111
1111111111111111111111111111111110000000000000000000000001111111111111111111100100110000000000000000000000000000000000000000000000000000000000000000011111111111111111111111111111111111111111111111111111111111111111111111111100000000000000000000000000000001111111111111111111111
1111111111111111111111111111111110000000000000000000000100111111111111101111100110000000000000000000000000000000000000000000000000000000000000000000011111111111111111111111111111111111111111111111111111111111111111111111111100000000001000000000000000111111111111111111111111111
1111111111111111111111111111111110000000000000001100010000010111111111101011100010000000000000000000000000000000000000000000000000000000000000000000111111111111111111111111111111111111111111111111111111111111111111111111111100000000000000000000000111111111111111111001111111111
1111111111111111111111111111111110000000000010001100111000010111100111111011100010010000000000100000000000000000000000000000000000000000000000000000111111111111111111111111111111111111111111111111111111111111111111111100000100000000000000000000000111111111111101110011111111111
1111111111111111111111111111111110000000000110000000111100010111100111111011100000110000000000100000000000000001000000000000000000000000000000000000111111111011100011111111111111111111111111111111111111111111111111111100000000000000000000000000000111111111101111011111111111111
1111111111111111111111111111111110000000000011000000001100011111110111110001000000000000000000000000000000000000000000000000000000000000000000000000111111110011111111111111111111111000111111111111111111111111111111111111000000000000000000000000000000100000011111111111111111111
1111111111111111111111111111111110000000001101010000000100001111100011001000000000000000000000000000000000000000000000000000000000000000000000000000111111110111111111111111111101111001111111111111111111111111111111111110000001000000000000000000000000101111111110111111111111111
1111111111111111111111111111111110000000001111000000000101100110000000001000000000000000000000000000000000000000000000000000000000000000000000000000111111001111111111111111111100111111111111111111111111111111111111111110001100000000000000000000000000111111111111111111111111111
1111111111111111111111111111111110000000000111000000000101100110000000000000000000000000000000000000000000000000000000000000000000000000000000000000111111001111111111111111111110011111111111111111111111111111111111110001110001011000000000110000000000111111111111011111111111111
1111111111111111111111111111111111000000000011000000000000001110000000000000000000000000000000000000000000000000000000000000000000000000000000000000111111111111111111111111111111111111111111111111111111111111111111110111100000111000000011110000000001111111111110011111111111111
1111111111111111111111111111111111000000001101010000000010001000000000001000010000000000000000000000000000000000000000000000000000000000000000000000111111111111111111111110011111111111111111111111111111111111111100001110000000000000000001110000000001111111111110011111111111111
1111111111111111111111111111111111000000001000010000000100000100000000001000010000000000000000000000000000000000000000000000000000000000000000000000111111111111111111111111111011111111111111111111110111111111111000000000000000100000000000000000000001111011100000111111111111111
1111111111111111111111111111111111000000000001011001100101100110000000000100010000000000000000000000000000000000000000000000000000000000000000000000111111111111111111111111111101111111111111111111111111111111111000000000000000000000000000000000000000000001111100101111111111111
1111111111111111111111111111111111100000000001000000000000000000001000000000000000000001000000001000000000000000000000000000000000000000000000000000111111111001111111111111111111111111111111111111111111111111111100000000000000000000000000000000000000000000000100001111111111111
1111111111111111111111111111111111111011000001100001100100001000000000000000000000000000000000001000000000000000000000000000000000000000000000000000111111111111111111111111111111111111111111111111111111111111100000000000000000000000000000000000000000000000000000001111111111111
1111111111111111111111111111111111111011100011100000100110000000000000000100000000000000000000001000001000000000000000000000000000000000000000000000111111111111110111111111111111111111111111110110001011111111000000000000000000000000000000000000000111100000000000001111111111111
1111111111111111111111111111111111111111111111100000000010000000001110000100000000010000000000000000001000000000000000000000000000000000000000000000011111111001000111111111111111111011111111111111000011100001000110000000001100000000000000000000000111111000000000001111111111111
1111111111111111111111111111111111111111111111101000100000000000000000010000000000000000000000000000000000000000000000000000000000000000000000000000011111111001111111111111111111111011111111101111111111100000000000000001110010000000000000000000000011111100000000000111111111111
1111111111111111111111111111111111111111111111000000110000000000000000000000000000000000000000000000000000000000000000000000000000000000000000000000011111111001111111111111111111111111111111100010011100111000000000000000000000000000000000000000001111111111000000000111111111111
1111111111111111111111111111111111111111111111001000110010000000000110000000000000000110000000000000000000000000000000000000000000000000000000000000011111111000111111111111111111011111111111110000000000111100000000001000000000000000000000000000000111111111100000000111111111111
1111111111111111111111111111111111111111111110001000100000000000000000000000000000000000000000000000000000000000000000000000000000000000000000100000011111111100111111111111111111011111111110010100000000111100100000010000000000000000000000001000000101111111111000000111111111111
1111111111111111111111111111111111111111111111000001100100000000000000000000100000000000000000000000000100000000000000000000000000000000000001101110001110110111100111111100011111111111111111111111110011111100000000111100000000000000000111100001001111111111111000001111111111111
1111111111111111111111111111111111111111111111000001100000000000000000000000000000000000000000000000000100000000000000000000000000000000000001111110001110011100000001100000111111000111111111111111111111111111000000111000000000000001000000000001001011111111111100001111111111111
1111111111111111111111111111111111111111111111001001100000000000000000000000000000000000000000000000000000000000000000000000000000000000001101111111111100001100101111111111111101110011111111111111111111111111000000000000000000000000000000000011000011111111111100001111111111111
1111111111111111111111111111111111111111111111001011100000000000000000000000000000000000000000000000000000000000000000000000000000000000011101111111111100001010000000111111111111111011111111111111111011111100000000000000000000000000000100000000000110011111111110011111111111111
1111111111111111111111111111111111111111111111001001100000000000000000000000000010000000000000000000000000000000000000000000000000000000011111111111111100000000000001111111111111111111111111111111111100110000000000000000100000000000000000000000001111011111111110111111111111111
1111111111111111111111111111111111111111111111100001100111000000000000000000000010000000000000000000000000000000000000000011110000000000011111111111111100000000000000001111111111111111111111111111111111000000100000000000000000000000000000000001111111111111101010111111111111111
1111111111111111111111111111111111111111111111100001111110000000010000000000000000000000000000000000000000000000000000000011110000000000111100000000000100000010000001111111111111111111111111111111111111110111100000000000000000000000000000000111111111111111100110111111111111111
1111111111111111111111111111111111111111111111100001111100000011111000000100000100000000000000000000000000000000000000000011110000010000111100000000000000000000000001111111111111111111111111111111111111111111000000000000000000000000000000000111111111111110110101111111111111111
1111111111111111111111111111111111111111111111110000111000000000111100000000000000000000000000000000000000000000000000000110110000000000111100000000000000000000000000011111111111111111111111111111111111111100000000000000000000011000000000011111001101110111100001111111111111111
1111111111111111111111111111111111111111111111110001110000000001100100000000000010000100000011000000000000000000000000000111110000000000111110000000000000000000000100000111111111111111111111111111111111111110000000000000000000000000000000001111111101100111110111111111111111111
1111111111111111111111111111111111111111111111111111110001111000000000000000000010001111000011110000000000000000000000000111110011000001111111111100000000000011001100000111111111111111111111111111111111111111000000000000000000000000000000001111111111100111110111111111111111111
1111111111111111111111111111111111111111111111111111110001111100000000000010000000011101000001100000000000000000000010000111111011000011111111111111110000000000101100000111111111111111111111111111111111111111100000010000000000000000000000001101111111000111110111111111111111111
1111111111111111111111111111111111111111111111111111111011111000000011000110011000001000000000000000000000000000000011001111111111000011011111111111111111100001000000001111111111111111111111111111111111111111111100010000000000000000000000001101111111000111011111111111111111111
1111111111111111111111111111111111111111111111111111111111111100000011101110011100000000100000000000000010000000000001111111111111100000111111111111111111110000111111111111111111111111111111111111111111111111111100000000000100000000000001001111111111000111111111111111111111111
1111111111111111111111111111111111111111111111111111111111111100000001001110011110000000100000000000000010000000100001111111111111111000011111111111111111110000011111011111111111111111111111111111111111111111111000000000001100000000000111110111111111111111111111111111111111111
1111111111111111111111111111111111111111111111111111111111111111000000001110011110000001000000000000000000000001111011111111111111111000010111111111111111111000000011011101111111111111111111111111111111111111111001100000000010000000001111110111111111111111111111111111111111111
1111111111111111111111111111111111111111111111111111111111111111000000111111110111111111010000100111000111111111111011111111111111110000001111111111111111111000000010111111111111111111111111111111111111111111111111000000000000000000000011000111011101111111111111111111111111111
1111111111111111111111111111111111111111111111111111111111111111100111111111110111110001110000001110000011111111111111111111111111110000000111111111111111111100000000101111111111111111111111111111111111111111111111001000000000000000001100001111111011111111111111111111111111111
1111111111111111111111111111111111111111111111111111111111111111110111111111100011110000110110011100001111111111111111111111111111110000000011111111111111111100100001111111111111111111111111111111111111111111111111111111100000000000011100001000110011111111111111111111111111111
1111111111111111111111111111111111111111111111111111111111111111110011111111100011111000100111111110111111111111111111111111111111110000000000000110000111111110000011011111111111111111111111111111111111111111111111111111110000000001110011001000100001111111111111111111111111111
1111111111111111111111111111111111111111111111111111111111111111110011111111110111110001111111111111111111111111111111111111111111100000000000000000000111011111001000001111111111111111111111111111111111111111111111111111000100000001100000000001000101111111111111111111111111111
1111111111111111111111111111111111111111111111111111111111111111111011111111111111111011111111111111111111111111111111111111111111100000000000000000000010011111100100100111111111111111111111111111111111111111111111111110001100111100000000000011000101111111111111111111111111111
1111111111111111111111111111111111111111111111111111111111111111111001111111111111111111111111111111111111111111111111111111111111000000000000000000000001100111110111111111111111111111111111111111111111111111111111111111111100111100000000010111011011111111111011111111111111111
1111111111111111111111111111111111111111111111111111111111111111111001111111111111111111111111111111111111111111111111111111111111000000000000000000000000010010111011011111111111111111111111111111111111111111111111111111111111111111100001111110111011111111110001111111111111111
1111111111111111111111111111111111111111111111111111111111111111111001111111111111111111111111111111111111111111111111111111111110000000000000000000000000000000011001111111111111111111111111111111111111111111111111111111110000111111111101110011111111111111100000111111111111111
1111111111111111111111111111111111111111111111111111111111111111111101111111111111111111111111111111111111111111111111111111111110000000000000000000000000000000000000111111111111111111111111111111111111111111111111111111111111111111110001111100111111111111000000111111111111111
1111111111111111111111111111111111111111111111111111111111111111111111111111111111111111111111111111111111111111111111111111111100000000000000000000000000000000000000011111111111111111111111111111111111111111111111111111111111110111111111111111111111111110000000011111111111111
1111111111111111111111111111111111111111111111111111111111111111111111111111111111111111111111111111111111111111111111111111111100000000000000000000000000000000000000001111111111111111111111111111111111111111111111111111111111111111111111110111111111111100000000011111111111111
1111111111111111111111111111111111111111111111111111111111111111111111111111111111111111111111111111111111111111111111111111111100000000000000000000000000000000000000001111111111111111111111111111111111111111111111111111111111111111111111111111111111111000000000011111111111111
1111111111111111111111111111111111111111111111111111111111111111111111111111111111111111111111111111111111111111111111111111111100000000000000000000000000000000000000000011111111111111111111111111111111111111111111111111111111111111111111111111111111100000000000001111111111111
1111111111111111111111111111111111111111111111111111111111111111111111111111111111111111111111111111111111111111111111111111110000000000000000000000000000000000000000000001111111111111111111111111111111111111111111111111111111111111111111111111111111000000000000001111111111111
1111111111111111111111111111111111111111111111111111111111111111111111111111111111111111111111111111111111111111111111111111100000000000000000000000000000000000000000000000011111111111111111111111111111111111111111111111111111111111111111111111111110000000000000000111111111111
1111111111111111111111111111111111111111111111111111111111111111111111111111111111111111111111111111111111111111111111111111000000000000000000000000000000000000000000000000000111111111111111111111111111111111111111111111111111111111111111111111111100000000000000000111111111111
1111111111111111111111111111111111111111111111111111111111111111111111111111111111111111111111111111111111111111111111111111000000000000000000000000000000000000111000000000000001111111111111111111111111111111111111111111111111111111111111111111110000000000000000000111111111111
1111111111111111111111111111111111111111111111111111111111111111111111111111111111111111111111111111111111111111111111111110000000000000000000000000000000000011111100000000000000011111111111111111111111111111111111111111111111111111111111111110000000000000000000000011111111111
1111111111111111111111111111111111111111111111111111111111111111111111111111111111111111111111111111111111111111111111111100000000000000000000000000000000000011111110000000000000000111111111111111111111111111111111111111111111111111111111111000000000000000000000000011111111111
1111111111111111111111111111111111111111111111111111111111111111111111111111111111111111111111111111111111111111111111111000000000000000000000000000000000001111111111100000000000000000011111111111111111111111111111111111111111111111111111110000000000000000000000000001111111111
1111111111111111111111111111111111111111111111111111111111111111111111111111111111111111111111111111111111111111111111110000000000000000000000000000000000011111111111111000000000000000000011111111111111111111111111111111111111111111111110000000000000000000000000000111111111111
1111111111111111111111111111111111111111111111111111111111111111111111111111111111111111111111111111111111111111111111100000000000000000000000000000000000111111111111111110000000000000000000000011111111111111111111111111111111111111111000000000000000000000000000111111111111111
1111111111111111111111111111111111111111111111111111111111111111111111111111111111111111111111111111111111111111111111000000000000000000000000000000000010111111111111111111100000000000000000000000111111111111111111111111111111111111100000000000000000000000000000111111111111111
1111111111111111111111111111111111111111111111111111111111111111111111111111111111111111111111111111111111111111111011000000000000000000000000000000001111111111111111111111111000000000000000000000000000011111111111111111110011000000000000000000000000000000000000111111111111111
1111111111111111111111111111111111111111111111111111111111111111111111111111111111111111111111111111111111111111111110000000000000000000000000000000011111111111111111111111111111000000000000000000000000000000000000000000000000000000000000000000000000000000000001111111111111111
1111111111111111111111111111111111111111111111111111111111111111111111111111111111111111111111111111111111111111111000000000000000000000000000000011011111111111111111111111111111110000000000000000000000000000000000000000000000000000000000000000000000000000000011111111111111111
1111111111111111111111111111111111111111111111111111111111111111111111111111111111111111111111111111111111111111110000000000000000000000000000000011111111111111111111111111111111111111000000000000000000000000000000000000000000000000000000000000000000000000000111111111111111111
1111111111111111111111111111111111111111111111111111111111111111111111111111111111111111111111111111111111111111100000000000000000000000000000001111111111111111111111111111111111111111110000000000000000000000000000000000000000000000000000000000000000000000001111111111111111111
1111111111111111111111111111111111111111111111111111111111111111111111111111111111111111111111111111111111111110000000000000000000000000000000011111111111111111111111111111111111111111111110000000000000000000000000000000000000000000000000000000000000000000111111111111111111111
1111111111111111111111111111111111111111111111111111111111111111111111111111111111111111111111111111111111111100000000000000000000000000011001111111111111111111111111111111111111111111111111111000000000000000000000000000000000000000000000000000000000000011111111111111111111111
1111111111111111111111111111111111111111111111111111111111111111111111111111111111111111111111111111111111110000000000000000000000000000001111111111111111111111111111111111111111111111111111111110000000000000000000000000000000000000000000000000000000000111111111111111111111111
1111111111111111111111111111111111111111111111111111111111111111111111111111111111111111111111111111111111100000000000000000000000000000111111111111111111111111111111111111111111111111111111111111111000000000000000000000000000000000000000000000000000111111111111111111111111111
1111111111111111111111111111111111111111111111111111111111111111110111111111111111111111111111111111111110000000000000000000000000000111111111111111111111111111111111111111111111111111111111111111111111110000000000000000000000000000000000000000001111111111111111111111111111111
1111111111111111111111111111111111111111111111111111111111111111111000010011100000000000000000000001100000000000000000000000000000011111111111111111111111111111111111111111111111111111111111111111111111111111000000000000000000000000000000001111111111111111111111111111111111111
1111111111111111111111111111111111111111111111111111111111111111111110000000000000000000000000000000000000000000000000000011110011111111111111111111111111111111111111111111111111111111111111111111111111111111111111101110000000000000000111111111111111111111111111111111111111111
1111111111111111111111111111111111111111111111111111111111111111111111100000000000000000000000000000000000000000000001111100011111111111111111111111111111111111111111111111111111111111111111111111111111111111111111111111111111111111111111111111111111111111111111111111111111111
1111111111111111111111111111111111111111111111111111111111111111111111111111110000000000000000000000000000000000000111111111111111111111111111111111111111111111111111111111111111111111111111111111111111111111111111111111111111111111111111111111111111111111111111111111111111111
1111111111111111111111111111111111111111111111111111111111111111111111111111111111111111111100001111100001100011111111111111111111111111111111111111111111111111111111111111111111111111111111111111111111111111111111111111111111111111111111111111111111111111111111111111111111111
1111111111111111111111111111111111111111111111111111111111111111111111111111111111111111111111111111111111111111111111111111111111111111111111111111111111111111111111111111111111111111111111111111111111111111111111111111111111111111111111111111111111111111111111111111111111111
1111111111111111111111111111111111111111111111111111111111111111111111111111111111111111111111111111111111111111111111111111111111111111111111111111111111111111111111111111111111111111111111111111111111111111111111111111111111111111111111111111111111111111111111111111111111111
1111111111111111111111111111111111111111111111111111111111111111111111111111111111111111111111111111111111111111111111111111111111111111111111111111111111111111111111111111111111111111111111111111111111111111111111111111111111111111111111111111111111111111111111111111111111111
1111111111111111111111111111111111111111111111111111111111111111111111111111111111111111111111111111111111111111111111111111111111111111111111111111111111111111111111111111111111111111111111111111111111111111111111111111111111111111111111111111111111111111111111111111111111111
1111111111111111111111111111111111111111111111111111111111111111111111111111111111111111111111111111111111111111111111111111111111111111111111111111111111111111111111111111111111111111111111111111111111111111111111111111111111111111111111111111111111111111111111111111111111111
1111111111111111111111111111111111111111111111111111111111111111111111111111111111111111111111111111111111111111111111111111111111111111111111111111111111111111111111111111111111111111111111111111111111111111111111111111111111111111111111111111111111111111111111111111111111111
1111111111111111111111111111111111111111111111111111111111111111111111111111111111111111111111111111111111111111111111111111111111111111111111111111111111111111111111111111111111111111111111111111111111111111111111111111111111111111111111111111111111111111111111111111111111111
1111111111111111111111111111111111111111111111111111111111111111111111111111111111111111111111111111111111111111111111111111111111111111111111111111111111111111111111111111111111111111111111111111111111111111111111111111111111111111111111111111111111111111111111111111111111111
1111111111111111111111111111111111111111111111111111111111111111111111111111111111111111111111111111111111111111111111111111111111111111111111111111111111111111111111111111111111111111111111111111111111111111111111111111111111111111111111111111111111111111111111111111111111111
1111111111111111111111111111111111111111111111111111111111111111111111111111111111111111111111111111111111111111111111111111111111111111111111111111111111111111111111111111111111111111111111111111111111111111111111111111111111111111111111111111111111111111111111111111111111111
1111111111111111111111111111111111111111111111111111111111111111111111111111111111111111111111111111111111111111111111111111111111111111111111111111111111111111111111111111111111111111111111111111111111111111111111111111111111111111111111111111111111111111111111111111111111111
1111111111111111111111111111111111111111111111111111111111111111111111111111111111111111111111111111111111111111111111111111111111111111111111111111111111111111111111111111111111111111111111111111111111111111111111111111111111111111111111111111111111111111111111111111111111111
1111111111111111111111111111111111111111111111111111111111111111111111111111111111111111111111111111111111111111111111111111111111111111111111111111111111111111111111111111111111111111111111111111111111111111111111111111111111111111111111111111111111111111111111111111111111111
1111111111111111111111111111111111111111111111111111111111111111111111111111111111111111111111111111111111111111111111111111111111111111111111111111111111111111111111111111111111111111111111111111111111111111111111111111111111111111111111111111111111111111111111111111111111111
1111111111111111111111111111111111111111111111111111111111111111111111111111111111111111111111111111111111111111111111111111111111111111111111111111111111111111111111111111111111111111111111111111111111111111111111111111111111111111111111111111111111111111111111111111111111111
