1111111111111111111111111111111111111111
1111111111111111111111111111111111111111
1111111111111111111111111111111111111111
1111111111111111111111111111111111111111
1111111111111111110001111111111111111111
1111111111111100000000001111111111111111
1111111111111000000000000011111111111111
1111111111110000000000000001111111111111
1111111111110000000000000001111111111111
1111111111100000001110000000111111111111
1111111111100000111111100000111111111111
1111111111100000111111100000011111111111
1111111111000000111111110000011111111111
1111111111000001111111110000011111111111
1111111111000000111111110000011111111111
1111111111100000111111100000011111111111
1111111111100000111111000000111111111111
1111111111100000001100000000111111111111
1111111111110000000000000001111111111111
1111111111111000000000000011111111111111
1111111111111000000000000011111111111111
1111111110110000000000000001111111111111
1111111111100000001110000000111111111111
1111111111100000111111100000011111111111
1111111111000000111111110000011111111111
1111111111000001111111110000011111111111
1111111111000001111111110000011111111111
1111111111000001111111110000011111111111
1111111111000001111111110000011111111111
1111111111000000111111100000011111111111
1111111111000000011111000000011111111111
1111111111100000000000000000111111111111
1111111111110000000000000001111111111111
1111111111111000000000000001111111111111
1111111111111100000000000011111111111111
1111111111111110000000011111111111111111
1111111111111111111111111111111111111111
1111111111111111111111111111111111111111
1111111111111111111111111111111111111111
1111111111111111111111111111111111111111
